--- dec18/service.py	2020-12-18 11:33:38.208917400 -0500
+++ dec18to/service.py	2020-12-18 10:48:29.431408500 -0500
@@ -143,7 +143,7 @@
     WAIT_FOR_STOP = 600
     WAIT_FOR_STATUS = 120
     WAIT_FOR_OPERATION = 60
-    WAIT_FOR_INITIAL_CONNECTION = 60
+    WAIT_FOR_INITIAL_CONNECTION = 600
     WAIT_FOR_SERVICE_CHECKS = 600
     WAIT_FOR_HEALTH_CHECKS = 600
     WAIT_FOR_NFS_EXPORTS = 600
